0 0.05 0.1 0.5 0.9 0.99
1.0000 0.0000000 0.0000000 0.0000000 0.0000000 0.0000000
0.9950 -0.0007520 -0.0013405 -0.0829846 -0.5015821 -0.4774254
0.9900 -0.0013680 -0.0022523 -0.2098811 -0.6941639 -0.2504278
0.9800 -0.0022023 -0.0029832 -0.4739686 -0.4857455 -0.1057195
0.9700 -0.0025383 -0.0025348 -0.5813183 -0.3199069 -0.0521740
0.9688 -0.0025480 -0.0024158 -0.5821925 -0.3069014 -0.0481896
0.9609 -0.0024665 -0.0013440 -0.5529152 -0.2450378 -0.0291833
0.9531 -0.0021707 0.0001295 -0.5082766 -0.2112705 -0.0183973
0.9453 -0.0017057 0.0019298 -0.4779226 -0.1922896 -0.0120083
0.9063 0.0023965 0.0149480 -0.4280885 -0.1595615 -0.0029938
0.8594 0.0200619 0.0332326 -0.3706712 -0.1311482 -0.0023648
0.8047 0.0388724 -0.0135137 -0.3067016 -0.0991285 -0.0022309
0.6800 -0.0884138 -0.2239651 -0.1713387 -0.0440128 -0.0006105
0.5000 -0.0094226 -0.0136472 0.0087574 0.0254688 0.0041573
0.3500 0.0978252 0.1278186 0.1561575 0.1209308 0.0131534
0.2344 0.0187292 0.1886703 0.2728224 0.2597395 0.0075142
0.2266 0.0138269 0.1778601 0.2808689 0.2643878 0.0061368
0.1563 -0.0011023 0.0305609 0.3550228 0.1215199 0.0069951
0.0938 -0.0050162 -0.0022115 0.4262156 0.0231671 0.0176726
0.0781 -0.0060932 -0.0091578 0.4479107 0.0082378 0.0214880
0.0703 -0.0063057 -0.0128960 0.4576490 -0.0005799 0.0238583
0.0625 -0.0062175 -0.0163116 0.4639723 -0.0101954 0.0266805
0.0400 -0.0042212 -0.0196444 0.4359341 -0.0433983 0.0390514
0.0300 -0.0027901 -0.0165280 0.3931394 -0.0587099 0.0482866
0.0200 -0.0013904 -0.0111461 0.3300880 -0.0637935 0.0625560
0.0100 -0.0003503 -0.0050492 0.2132685 -0.0435060 0.0869182
0.0000 0.0000000 0.0000000 0.0000000 0.0000000 0.0000000