0 0.05 0.1 0.5 0.9 0.99
1.0000 0.0000000 0.0000000 0.0000000 0.0000000 0.0000000
0.9950 0.0008908 0.0028794 -0.0291290 -0.2483258 -0.5315738
0.9900 0.0017567 0.0054397 -0.0617528 -0.4446772 -0.3689984
0.9800 0.0033516 0.0096860 -0.1359277 -0.6574629 -0.1251260
0.9700 0.0047034 0.0128891 -0.2178657 -0.6607602 -0.0621618
0.9688 0.0048476 0.0132096 -0.2279225 -0.6522928 -0.0582317
0.9609 0.0056994 0.0150048 -0.2936869 -0.5768725 -0.0403150
0.9531 0.0063790 0.0162754 -0.3553213 -0.4952124 -0.0302091
0.9453 0.0069088 0.0170894 -0.4103754 -0.4231177 -0.0237116
0.9063 0.0077099 0.0152532 -0.5264392 -0.2074994 -0.0095384
0.8594 0.0051011 0.0014971 -0.4264545 -0.1045164 -0.0039896
0.8047 -0.0033125 -0.0276588 -0.3202137 -0.0597701 -0.0017567
0.6800 -0.0270199 -0.0827502 -0.1730887 -0.0193429 -0.0004456
0.5000 0.0001947 -0.0029492 0.0257995 0.0403155 0.0012549
0.3500 0.0201600 0.0636637 0.1882246 0.1106086 0.0037809
0.2344 0.0112680 0.0494267 0.3253592 0.1586062 0.0056093
0.2266 0.0104883 0.0469480 0.3339924 0.1602194 0.0057075
0.1563 0.0043219 0.0239565 0.3769189 0.1553913 0.0071528
0.0938 -0.0004455 0.0058905 0.3330442 0.1155853 0.0139622
0.0781 -0.0014974 0.0020380 0.3099097 0.1012963 0.0188190
0.0703 -0.0019435 0.0003324 0.2962703 0.0937457 0.0223919
0.0625 -0.0023149 -0.0011868 0.2807056 0.0858977 0.0271780
0.0400 -0.0027685 -0.0040998 0.2189314 0.0609957 0.0551375
0.0300 -0.0025695 -0.0044352 0.1796062 0.0481541 0.0836787
0.0200 -0.0020601 -0.0039799 0.1306210 0.0336001 0.1394213
0.0100 -0.0012086 -0.0025656 0.0709203 0.0172233 0.2441510
0.0000 0.0000000 0.0000000 0.0000000 0.0000000 0.0000000