0 0.05 0.1 0.5 0.9 0.95
1.0000 1.0000000 1.0000000 1.0000000 1.0000000 1.0000000
0.9900 -0.0640060 0.0119673 0.5982661 0.5811133 0.5375302
0.9800 -0.1455478 -0.1744161 0.4930657 0.3726602 0.3141650
0.9766 -0.1422657 -0.1803539 0.4924652 0.3285655 0.2648360
0.9688 -0.1188602 -0.1562485 0.4992488 0.2595418 0.1835606
0.9609 -0.0903390 -0.1176006 0.5008962 0.2192676 0.1317979
0.9531 -0.0659772 -0.0839939 0.4960268 0.1960991 0.0992860
0.8516 0.0263654 0.0453567 0.3486291 0.1150957 0.0355113
0.7344 0.0495806 0.1846662 0.2074120 0.0517168 0.0151660
0.6172 0.0802560 0.0993144 0.0854519 -0.0010094 -0.0114353
0.5000 0.0122816 0.0068795 -0.0271995 -0.0666789 -0.0633441
0.4531 -0.0171210 -0.0296872 -0.0710427 -0.1005044 -0.1034102
0.2813 -0.0986033 -0.1987325 -0.2297588 -0.2534165 -0.0089840
0.1719 0.0002089 -0.0728729 -0.3304422 0.0081305 0.0097411
0.1016 0.0161053 0.0112654 -0.3946475 0.0150366 0.0034958
0.0703 0.0090558 0.0159880 -0.4369345 0.0069555 -0.0005707
0.0625 0.0074621 0.0154212 -0.4504339 0.0047027 -0.0012891
0.0547 0.0060515 0.0144418 -0.4586660 0.0025351 -0.0018563
0.0400 0.0038663 0.0118924 -0.4352275 -0.0009157 -0.0024712
0.0300 0.0026574 0.0097841 -0.3790613 -0.0024424 -0.0025040
0.0200 0.0016006 0.0072861 -0.2976238 -0.0029870 -0.0021610
0.0100 0.0006810 0.0041390 -0.1911936 -0.0022626 -0.0013605
0.0000 0.0000000 0.0000000 0.0000000 0.0000000 0.0000000