0 0.05 0.1 0.5 0.9 0.95
1.0000 1.0000000 1.0000000 1.0000000 1.0000000 1.0000000
0.9900 0.3065653 0.4887094 0.8489396 0.7776734 0.6484320
0.9800 -0.0005934 0.1589376 0.7070189 0.6278671 0.4540469
0.9766 -0.0463677 0.0877266 0.6644227 0.5858239 0.4050784
0.9688 -0.0963229 -0.0179216 0.5808359 0.5012384 0.3138397
0.9609 -0.1069008 -0.0685061 0.5169277 0.4290510 0.2435656
0.9531 -0.1011555 -0.0861188 0.4723329 0.3685037 0.1898196
0.8516 0.0021425 0.0275091 0.3372212 0.0595013 -0.0235823
0.7344 0.0225256 0.0682270 0.1886747 -0.0072932 -0.0423034
0.6172 0.0208341 0.0429384 0.0570178 -0.0595876 -0.0535559
0.5000 -0.0006440 -0.0137569 -0.0620561 -0.1283646 -0.0633121
0.4531 -0.0113844 -0.0381231 -0.1081999 -0.1514129 -0.0588011
0.2813 -0.0297568 -0.0836295 -0.2803696 -0.0800951 -0.0130228
0.1719 -0.0126154 -0.0437264 -0.3885690 -0.0145998 -0.0008423
0.1016 -0.0009820 -0.0100382 -0.3004561 0.0102124 0.0053608
0.0703 0.0019072 -0.0000785 -0.2228955 0.0171827 0.0069668
0.0625 0.0023343 0.0016359 -0.2023300 0.0178619 0.0069736
0.0547 0.0026292 0.0029984 -0.1812881 0.0179832 0.0067790
0.0400 0.0027887 0.0045171 -0.1396601 0.0165065 0.0058251
0.0300 0.0025658 0.0046801 -0.1090870 0.0141215 0.0047386
0.0200 0.0020422 0.0040486 -0.0759628 0.0105719 0.0033397
0.0100 0.0011932 0.0025269 -0.0397486 0.0058570 0.0017139
0.0000 0.0000000 0.0000000 0.0000000 0.0000000 0.0000000